Approximations for pi
Iterations      Trapezoid         Monte Carlo          Leibniz
-------------------------------------------------------------------
1             3.464101615138     0.000000000000     4.000000000000
5             3.171987823613     3.200000000000     3.339682539683
10            3.152411433262     3.600000000000     3.041839618929
50            3.142565552460     2.960000000000     3.121594652591
100           3.141936857900     3.080000000000     3.131592903559
500           3.141623456820     3.152000000000     3.139592655590
1000          3.141603544913     3.156000000000     3.140592653840
5000          3.141593627792     3.172000000000     3.141392653592
10000         3.141592998025     3.156800000000     3.141492653590
50000         3.141592684397     3.149600000000     3.141572653590
100000        3.141592664482     3.146840000000     3.141582653590
500000        3.141592654564     3.142488000000     3.141590653590
1000000       3.141592653934     3.140916000000     3.141591653590
5000000       3.141592653621     3.141559200000     3.141592453590
10000000      3.141592653600     3.140656800000     3.141592553590
50000000      3.141592653591     3.141579920000     3.141592633590
100000000     3.141592653591     3.141710360000     3.141592643589
