Approximations for pi
Iterations      Trapezoid         Monte Carlo          Leibniz
-------------------------------------------------------------------
1             3.464101615138     0.000000000000     4.000000000000
3             3.206412665814     2.666666666667     3.466666666667
5             3.171987823613     3.200000000000     3.339682539683
7             3.160012188321     3.428571428571     3.283738483738
9             3.154254281272     3.555555555556     3.252365934719
11            3.150975946118     3.636363636364     3.232315809406
13            3.148903012590     3.692307692308     3.218402765927
15            3.147494899039     3.466666666667     3.208185652262
17            3.146487179086     3.529411764706     3.200365515410
19            3.145736799792     3.368421052632     3.194187909232
