Approximations for pi
Iterations      Trapezoid         Monte Carlo          Leibniz
-------------------------------------------------------------------
1             3.464101615138     0.000000000000     4.000000000000
100           3.141936857900     3.080000000000     3.131592903559
200           3.141714389345     3.160000000000     3.136592684839
300           3.141658925611     3.173333333333     3.138259329516
400           3.141635700957     3.160000000000     3.139092657496
500           3.141623456820     3.152000000000     3.139592655590
600           3.141616086929     3.133333333333     3.139925988081
700           3.141611249652     3.142857142857     3.140164082890
800           3.141607874419     3.120000000000     3.140342654078
900           3.141605409563     3.151111111111     3.140481542822
1000          3.141603544913     3.156000000000     3.140592653840
